void setup(){
  size(600,600);
  background (255);
}

void draw(){
  stroke(0);
  fill (0,100);
  quad(30,100,50,100,30,200,10,200);
  quad(70,100,90,100,70,200,50,200);
  quad(110,100,130,100,110,200,90,200);
  line(50,100,50,200);
  line(90,100,90,200);
  quad(150,100,170,100,150,200,130,200);
  quad(190,100,210,100,190,200,170,200);
  line(150,100,210,100);
  line(130,200,170,200);
  quad(230,100,250,100,230,200,210,200);
  quad(270,100,290,100,270,200,250,200);
 line(250,100,250,200);
 quad(330,100,350,100,330,200,310,200);
 line(310,100,330,100);
  line(330,200,350,200);
  quad(390,100,410,100,390,200,370,200);
  line(410,100,410,200);
  
}
